23000
23536
24072
24605
25135
25661
26182
26696
27203
27702
28191
28669
29137
29592
30033
30461
30874
31271
31652
32015
32360
32686
32993
33280
33547
33792
34016
34218
34397
34554
34687
34797
34883
34946
34985
34999
34990
34957
34900
34818
34714
34586
34434
34260
34063
33845
33604
33342
33060
32757
32435
32094
31735
31358
30965
30555
30131
29692
29240
28775
28299
27812
27316
26811
26298
25779
25254
24725
24192
23657
23120
22583
22047
21513
20982
20455
19934
19418
18909
18409
17917
17436
16966
16509
16064
15633
15216
14816
14431
14064
13715
13384
13073
12781
12510
12260
12031
11825
11640
11479
11340
11225
11133
11065
11021
11001
11005
11033
11085
11160
11260
11383
11529
11698
11889
12103
12339
12596
12874
13172
13490
13827
14182
14555
14945
15350
15772
16207
16656
17118
17592
18076
18571
19074
19585
20103
20627
21155
21687
22222
22758
23295
23831
24366
24898
25426
25949
26466
26976
27479
27972
28455
28928
29389
29837
30271
30690
31095
31483
31854
32207
32542
32858
33154
33430
33685
33918
34130
34319
34486
34630
34750
34847
34921
34970
34996
34997
34975
34928
34858
34764
34646
34505
34341
34155
33946
33715
33462
33189
32896
32582
32250
31898
31529
31143
30741
30323
29891
29445
28986
28514
28032
27540
27039
26529
26013
25491
24963
24432
23897
23361
22825
22288
21753
21221
20692
20167
19649
19137
18633
18137
17651
17176
16713
16262
15825
15402
14994
14602
14227
13870
13531
13210
12910
12629
12370
12131
11915
11720
11548
11399
11274
11171
11093
11038
11007
11000
11017
11058
11123
11212
11324
11460
11619
11801
12004
12230
12478
12747
13036
13345
13673
14020
14385
14767
15166
15580
16010
16453
16909
17378
17857
18347
18847
19354
19869
20391
20917
21448
21981
22517
23054
23590
24126
24659
25189
25714
26234
26748
27254
27751
28239
28717
29183
29637
30077
30504
30915
31310
31689
32051
32394
32718
33023
33308
33573
33816
34038
34237
34414
34568
34699
34807
34891
34951
34987
34999
34988
34952
34892
34809
34702
34571
34418
34241
34042
33821
33578
33315
33030
32725
32401
32058
31697
31319
30924
30513
30087
29647
29193
28728
28250
27763
27265
26759
26246
25726
25201
24671
24138
23602
23066
22529
21993
21460
20929
20402
19881
19366
18858
18359
17868
17388
16920
16463
16019
15590
15175
14776
14394
14028
13681
13352
13042
12753
12484
12236
12009
11805
11623
11463
11327
11214
11125
11059
11018
11000
11007
11037
11091
11169
11271
11396
11545
11716
11910
12126
12364
12623
12903
13203
13523
13862
14219
14593
14985
15392
15815
16252
16703
17166
17640
18126
18621
19125
19637
20156
20680
21209
21741
22276
22813
23349
23885
24420
24951
25479
26001
26518
27027
27529
28021
28504
28975
29435
29881
30314
30732
31135
31521
31890
32242
32575
32889
33183
33457
33709
33941
34150
34337
34502
34643
34761
34856
34927
34974
34997
34996
34971
34922
34849
34753
34633
34490
34323
34134
33923
33690
33436
33160
32865
32549
32215
31862
31491
31103
30700
30280
29846
29399
28938
28466
27983
27490
26988
26478
25960
25437
24909
24378
23843
23307
22770
22234
21699
21167
20638
20115
19597
19085
18582
18087
17603
17129
16667
16217
15781
15360
14954
14563
14190
13835
13497
13179
12881
12602
12345
12108
11894
11702
11532
11386
11262
11162
11086
11034
11005
11001
11020
11064
11131
11222
11337
11475
11636
11820
12026
12255
12504
12775
13066
13377
13707
14056
14423
14807
15207
15623
16054
16498
16956
17426
17907
18398
18898
19406
19922
20444
20971
21501
22035
22571
23108
23645
24180
24713
25242
25767
26287
26799
27305
27801
28288
28765
29230
29682
30121
30546
30956
31349
31726
32086
32428
32750
33053
33336
33598
33839
34059
34256
34431
34583
34711
34816
34898
34956
34990
34999
34985
34947
34885
34799
34690
34557
34401
34222
34021
33798
33553
33287
33000
32694
32367
32023
31660
31280
30883
30471
30043
29602
29147
28680
28201
27713
27214
26708
26194
25673
25147
24617
24084
23548
23012
22475
21939
21406
20875
20349
19829
19314
18807
18309
17819
17340
16873
16418
15975
15547
15134
14737
14356
13992
13647
13320
13012
12725
12458
12212
11988
11785
11606
11449
11315
11204
11117
11054
11015
11000
11008
11041
11098
11178
11283
11410
11561
11735
11931
12149
12389
12651
12933
13235
13557
13897
14256
14632
15025
15434
15859
16297
16749
17213
17689
18176
18672
19177
19689
20208
20733
21262
21795
22330
22867
23404
23940
24474
25005
25532
26054
26570
27079
27579
28071
28552
29022
29480
29925
30357
30773
31174
31559
31927
32276
32607
32919
33211
33483
33734
33963
34170
34355
34517
34656
34772
34864
34933
34977
34998
34995
34967
34916
34841
34742
34619
34474
34305
34114
33901
33665
33409
33131
32834
32516
32180
31825
31453
31063
30658
30237
29802
29353
28891
28418
27934
27439
26936
26426
25908
25384
24856
24324
23789
23253
22716
22180
21645
21113
20585
20062
19545
19034
18532
18038
17554
17082
16621
16172
15738
15318
14913
14525
14153
13800
13464
13148
12851
12575
12320
12086
11874
11684
11516
11372
11251
11153
11080
11030
11004
11002
11024
11070
11139
11233
11350
11490
11654
11840
12048
12279
12531
12803
13097
13410
13742
14093
14461
14847
15249
15666
16098
16544
17003
17474
17956
18448
18949
19458
19974
20497
21024
21555
22090
22626
23162
23699
24234
24766
25295
25820
26339
26851
27355
27851
28337
28812
29276
29727
30165
30588
30996
31388
31764
32121
32461
32782
33083
33364
33624
33863
34080
34275
34447
34597
34723
34826
34905
34960
34992
34999
34982
34942
34877
34789
34677
34542
34384
34203
33999
33774
33527
33259
32970
32661
32333
31987
31622
31240
30842
30428
29999
29556
29100
28632
28152
27663
27164
26656
26141
25620
25094
24563
24030
23494
22957
22421
21885
21352
20822
20296
19776
19263
18756
18259
17770
17293
16826
16372
15931
15505
15093
14697
14318
13956
13613
13288
12982
12697
12432
12188
11966
11766
11589
11434
11302
11194
11110
11049
11012
11000
11011
11046
11105
11188
11294
11424
11578
11754
11952
12173
12415
12678
12962
13267
13590
13933
14293
14671
15066
15477
15902
16342
16795
17261
17738
18225
18723
19228
19741
20261
20786
21316
21849
22385
22921
23458
23994
24527
25058
25585
26106
26622
27130
27629
28120
28600
29069
29526
29970
30400
30815
31214
31597
31963
32311
32640
32950
33240
33509
33758
33985
34190
34372
34532
34669
34782
34872
34938
34980
34999
34993
34963
34909
34832
34731
34606
34458
34287
34094
33878
33640
33382
33102
32803
32483
32145
31788
31414
31023
30616
30194
29757
29307
28844
28369
27884
27389
26885
26373
25855
25331
24802
24270
23735
23199
22662
22126
21591
21060
20532
20009
19493
18983
18481
17989
17506
17034
16575
16128
15695
15276
14873
14487
14117
13765
13431
13117
12823
12548
12295
12063
11853
11666
11501
11359
11240
11145
11073
11026
11002
11003
11027
11075
11148
11244
11363
11506
11672
11860
12071
12303
12557
12832
13127
13442
13776
14129
14499
14887
15290
15709
16143
16590
17050
17522
18005
18498
19000
19510
20027
20550
21078
21609
22144
22680
23217
23753
24288
24820
25349
25873
26391
26902
27406
27901
28385
28860
29322
29772
30208
30630
31037
31427
31801
32157
32494
32813
33112
33391
33649
33886
34100
34293
34463
34610
34734
34835
34912
34964
34993
34998
34979
34936
34870
34779
34665
34527
34367
34183
33978
33750
33501
33230
32940
32629
32299
31951
31584
31201
30801
30385
29955
29511
29053
28584
28103
27613
27113
26604
26089
25567
25040
24509
23976
23440
22903
22366
21831
21298
20769
20244
19724
19211
18706
18209
17722
17245
16780
16327
15888
15463
15052
14658
14281
13921
13579
13256
12952
12669
12406
12165
11945
11747
11572
11420
11290
11185
11103
11044
11010
11000
11013
11051
11112
11198
11307
11439
11594
11773
11973
12196
12441
12706
12992
13298
13624
13968
14331
14710
15107
15519
15946
16387
16842
17309
17787
18275
18773
19280
19794
20314
20840
21370
21903
22439
22975
23512
24048
24581
25112
25638
26159
26673
27180
27679
28169
28648
29116
29571
30014
30442
30856
31254
31635
31999
32345
32672
32980
33268
33535
33782
34007
34209
34390
34547
34682
34793
34880
34944
34983
34999
34991
34959
34903
34823
34719
34592
34442
34268
34073
33855
33615
33354
33073
32771
32450
32110
31751
31375
30983
30574
30150
29712
29260
28796
28321
27834
27338
26834
26321
25802
25278
24749
24216
23681
23144
22607
22072
21537
21006
20479
19957
19441
18932
18431
17939
17458
16987
16529
16083
15652
15235
14833
14448
14080
13730
13399
13086
12794
12522
12271
12041
11833
11648
11485
11346
11229
11137
11068
11022
11001
11004
11031
11082
11156
11255
11377
11522
11690
11880
12093
12328
12584
12861
13158
13475
13811
14166
14538
14927
15332
15752
16187
16636
17097
17570
18054
18548
19051
19562
20080
20603
21131
21663
22198
22734
23271
23807
24342
24874
25402
25925
26443
26953
27456
27950
28434
28907
29368
29817
30251
30672
31077
31466
31837
32192
32527
32844
33141
33418
33674
33908
34121
34311
34479
34624
34746
34844
34918
34969
34995
34998
34976
34931
34862
34768
34652
34512
34349
34163
33955
33726
33474
33202
32909
32597
32265
31915
31546
31161
30760
30342
29911
29465
29006
28536
28054
27562
27062
26552
26036
25514
24987
24456
23921
23385
22849
22312
21777
21245
20715
20191
19672
19160
18655
18159
17673
17197
16733
16282
15844
15420
15012
14619
14244
13885
13545
13224
12923
12642
12381
12142
11924
11728
11556
11406
11279
11175
11096
11040
11008
11000
11016
11056
11120
11208
11319
11454
11611
11792
11995
12220
12466
12734
13022
13330
13658
14004
14368
14750
15148
15561
15990
16433
16888
17356
17836
18325
18824
19331
19846
20367
20893
21424
21957
22493
23030
23566
24102
24635
25165
25691
26211
26725
27231
27729
28218
28696
29162
29617
30058
30485
30897
31293
31672
32035
32379
32704
33010
33296
33561
33806
34028
34229
34407
34562
34694
34802
34888
34949
34986
34999
34989
34954
34896
34813
34707
34578
34425
34250
34052
33832
33590
33327
33043
32740
32416
32074
31714
31336
30942
30532
30106
29667
29214
28749
28272
27785
27288
26782
26269
25749
25224
24695
24162
23627
23090
22553
22017
21484
20953
20426
19904
19389
18881
18381
17890
17410
16940
16483
16039
15609
15194
14794
14410
14044
13696
13366
13056
12765
12495
12246
12019
11814
11630
11470
11333
11219
11129
11062
11019
11000
11006
11035
11088
11165
11266
11390
11538
11708
11901
12116
12353
12611
12890
13190
13508
13846
14202
14576
14967
15374
15796
16232
16682
17145
17619
18104
18599
19103
19614
20132
20656
21185
21717
22252
22788
23325
23861
24396
24927
25455
25978
26495
27005
27507
27999
28482
28954
29414
29861
30295
30713
31117
31504
31874
32226
32560
32875
33170
33445
33698
33931
34141
34329
34495
34637
34757
34852
34924
34972
34996
34997
34973
34925
34853
34758
34639
34497
34331
34143
33933
33701
33448
33173
32878
32564
32230
31878
31508
31121
30718
30299
29866
29419
28959
28488
28005
27512
27010
26501
25984
25461
24933
24402
23867
23331
22794
22258
21723
21191
20662
20138
19620
19108
18604
18109
17624
17150
16687
16237
15800
15378
14971
14581
14207
13850
13512
13193
12894
12614
12356
12119
11903
11710
11539
11392
11267
11166
11089
11035
11006
11000
11019
11061
11128
11218
11331
11468
11629
11811
12017
12244
12493
12762
13053
13363
13692
14040
14406
14789
15189
15604
16034
16478
16935
17404
17885
18375
18875
19383
19899
20420
20947
21478
22011
22547
23084
23621
24156
24689
25218
25744
26263
26776
27282
27779
28267
28744
29209
29662
30102
30527
30938
31332
31710
32070
32413
32736
33040
33324
33587
33829
34049
34248
34423
34576
34706
34812
34895
34954
34989
34999
34986
34949
34888
34804
34695
34563
34408
34231
34030
33808
33564
33299
33013
32708
32383
32039
31677
31297
30901
30489
30063
29622
29168
28701
28223
27735
27237
26731
26217
25697
25171
24641
24108
23572
23036
22499
21963
21430
20899
20373
19852
19337
18830
18331
17841
17362
16894
16438
15995
15566
15152
14754
14373
14008
13662
13334
13026
12737
12469
12223
11997
11794
11613
11455
11320
11209
11121
11057
11016
11000
11008
11039
11095
11174
11277
11404
11554
11726
11922
12139
12378
12638
12920
13221
13542
13881
14239
14615
15007
15416
15839
16277
16728
17192
17667
18154
18649
19154
19666
20185
20709
21239
21771
22306
22843
23379
23915
24450
24981
25508
26030
26547
27056
27557
28049
28531
29001
29460
29906
30338
30755
31157
31542
31911
32261
32593
32906
33199
33471
33723
33953
34161
34347
34510
34650
34767
34861
34930
34976
34998
34995
34969
34919
34845
34747
34625
34481
34313
34123
33911
33676
33421
33144
32848
32531
32195
31842
31470
31081
30676
30256
29822
29373
28912
28439
27956
27462
26959
26449
25931
25408
24880
24348
23813
23277
22740
22204
21669
21137
20609
20085
19568
19057
18554
18060
17576
17103
16641
16192
15757
15336
14931
14542
14170
13815
13479
13162
12864
12587
12331
12096
11883
11692
11523
11378
11256
11157
11082
11031
11004
11001
11022
11067
11136
11228
11344
11484
11646
11831
12039
12268
12519
12791
13083
13395
13726
14076
14444
14829
15230
15647
16078
16524
16982
17452
17934
18425
18926
19435
19951
20473
21000
21531
22066
22601
23138
23675
24210
24743
25272
25796
26316
26828
27333
27829
28315
28791
29255
29707
30145
30569
30978
31371
31747
32106
32446
32768
33070
33351
33612
33852
34070
34266
34440
34590
34718
34822
34902
34958
34991
34999
34984
34944
34881
34794
34683
34549
34392
34211
34009
33784
33538
33271
32983
32676
32349
32003
31639
31258
30860
30447
30019
29576
29121
28653
28174
27685
27186
26679
26165
25644
25118
24587
24054
23518
22981
22445
21909
21376
20846
20320
19800
19286
18779
18281
17792
17314
16847
16392
15951
15524
15111
14715
14335
13972
13628
13302
12996
12709
12443
12199
11976
11775
11596
11440
11308
11199
11113
11051
11013
11000
11010
11044
11102
11184
11289
11418
11570
11745
11943
12162
12403
12666
12949
13252
13575
13917
14277
14654
15048
15458
15883
16322
16775
17240
17716
18203
18700
19205
19718
20238
20763
21292
21825
22360
22897
23434
23970
24503
25034
25561
26083
26599
27107
27607
28098
28579
29048
29506
29950
30381
30796
31196
31580
31947
32295
32626
32936
33227
33498
33747
33975
34181
34365
34526
34663
34778
34869
34936
34979
34998
34994
34965
34912
34836
34736
34612
34465
34295
34103
33888
33652
33394
33115
32816
32498
32161
31805
31431
31041
30635
30213
29777
29327
28865
28391
27906
27411
26908
26397
25878
25355
24826
24294
23759
23223
22686
22150
21615
21084
20556
20033
19516
19006
18504
18011
17527
17055
16595
16148
15714
15295
14891
14504
14133
13780
13446
13131
12835
12560
12306
12073
11862
11674
11508
11365
11245
11149
11076
11028
11003
11002
11026
11073
11144
11239
11357
11499
11664
11851
12061
12292
12545
12819
13114
13428
13761
14113
14482
14869
15272
15690
16123
16570
17029
17501
17983
18476
18977
19487
20004
20526
21054
21585
22120
22656
23193
23729
24264
24796
25325
25849
26368
26879
27383
27879
28364
28839
29302
29752
30189
30611
31019
31410
31784
32141
32480
32799
33099
33379
33638
33875
34091
34285
34456
34604
34729
34831
34909
34963
34993
34999
34981
34939
34873
34784
34670
34534
34374
34192
33987
33761
33512
33243
32953
32643
32314
31967
31601
31218
30819
30404
29975
29531
29074
28605
28125
27635
27135
26627
26112
25591
25064
24533
24000
23464
22927
22391
21855
21322
20792
20267
19747
19234
18728
18231
17743
17266
16800
16347
15907
15481
15071
14676
14297
13937
13594
13270
12966
12681
12418
12175
11954
11756
11579
11426
11296
11189
11106
11046
11011
11000
11012
11049
11109
11193
11301
11432
11432
11587
11764
11964
12186
12429
12694
12979
13284
13609
13952
14314
14693
15089
15500
15927
16367
16821
17287
17765
18253
18751
19257
19771
20291
20816
21346
21879
22415
22951
