12000
12134
12268
12402
12536
12670
12803
12935
13067
13198
13328
13457
13585
13712
13838
13962
14085
14207
14326
14445
14561
14675
14788
14899
15007
15113
15218
15319
15419
15515
15610
15701
15790
15877
15960
16041
16119
16193
16265
16334
16399
16461
16520
16576
16629
16678
16724
16766
16805
16840
16872
16901
16925
16947
16964
16978
16989
16996
16999
16999
16995
16987
16976
16961
16943
16921
16896
16867
16834
16798
16759
16716
16669
16620
16567
16510
16451
16388
16322
16252
16180
16105
16027
15946
15862
15775
15685
15593
15498
15401
15301
15199
15095
14988
14879
14768
14655
14540
14424
14305
14185
14063
13940
13816
13690
13563
13434
13305
13175
13044
12912
12779
12646
12513
12379
12244
12110
11976
11841
11707
11573
11439
11306
11173
11040
10909
10778
10648
10519
10391
10264
10139
10015
9892
9771
9652
9534
9418
9303
9191
9081
8973
8867
8763
8662
8563
8467
8373
8282
8193
8107
8024
7944
7867
7793
7722
7654
7589
7527
7468
7413
7361
7313
7268
7226
7188
7153
7122
7094
7070
7049
7032
7018
7009
7002
7000
7001
7005
7013
7025
7041
7059
7082
7108
7138
7171
7208
7248
7291
7338
7389
7442
7499
7559
7623
7689
7759
7832
7908
7986
8068
8153
8240
8330
8422
8518
8615
8716
8818
8923
9030
9139
9251
9364
9479
9596
9715
9835
9957
10081
10206
10332
10459
10588
10717
10848
10979
11111
11243
11377
11510
11644
11778
11913
12047
12182
12316
12450
12584
12717
12850
12982
13114
13244
13374
13503
13630
13757
13882
14006
14128
14249
14369
14486
14602
14716
14828
14937
15045
15151
15254
15355
15453
15549
15643
15733
15821
15907
15989
16069
16145
16219
16290
16357
16422
16483
16541
16595
16647
16694
16739
16780
16818
16852
16883
16910
16933
16953
16970
16983
16992
16997
16999
16998
16993
16984
16971
16955
16936
16913
16886
16856
16822
16785
16744
16700
16652
16601
16547
16489
16429
16365
16297
16227
16154
16078
15998
15916
15831
15743
15653
15560
15464
15366
15265
15162
15057
14950
14840
14728
14615
14499
14382
14263
14142
14020
13896
13771
13645
13517
13388
13259
13128
12997
12865
12732
12599
12465
12331
12197
12062
11928
11793
11659
11525
11392
11258
11126
10994
10862
10732
10602
10474
10346
10220
10095
9971
9849
9728
9609
9492
9377
9263
9152
9042
8935
8830
8727
8627
8529
8433
8340
8250
8162
8077
7995
7916
7840
7767
7697
7630
7566
7506
7448
7394
7344
7296
7252
7212
7175
7141
7111
7085
7062
7042
7027
7014
7006
7001
7000
7002
7008
7017
7030
7047
7067
7091
7118
7149
7184
7221
7263
7308
7356
7407
7462
7520
7582
7646
7714
7785
7858
7935
8015
8098
8183
8271
8362
8456
8552
8651
8752
8855
8961
9069
9179
9291
9405
9521
9638
9758
9879
10001
10125
10250
10377
10505
10634
10763
10894
11026
11158
11291
11424
11558
11692
11826
11961
12095
12229
12364
12498
12631
12764
12897
13029
13160
13290
13420
13548
13675
13802
13926
14050
14172
14292
14410
14527
14642
14756
14867
14976
15083
15188
15290
15390
15488
15583
15675
15765
15852
15936
16018
16096
16172
16245
16314
16380
16444
16504
16560
16614
16664
16711
16754
16794
16830
16863
16893
16919
16941
16960
16975
16986
16994
16999
16999
16996
16990
16980
16966
16949
16928
16903
16875
16844
16809
16770
16729
16683
16634
16582
16527
16468
16406
16341
16273
16202
16127
16050
15969
15886
15800
15712
15620
15526
15430
15330
15229
15125
15019
14911
14801
14688
14574
14458
14340
14220
14099
13976
13852
13726
13599
13472
13342
13212
13082
12950
12818
12685
12551
12417
12283
12149
12015
11880
11746
11612
11478
11344
11211
11079
10947
10816
10686
10556
10428
10301
10175
10051
9928
9806
9686
9568
9451
9336
9223
9113
9004
8897
8793
8691
8591
8494
8400
8308
8218
8132
8048
7967
7889
7814
7742
7673
7607
7544
7485
7429
7376
7327
7280
7238
7198
7163
7130
7101
7076
7055
7036
7022
7011
7004
7000
7000
7003
7011
7021
7036
7054
7075
7100
7129
7161
7197
7236
7278
7324
7374
7426
7482
7542
7604
7670
7739
7810
7885
7963
8044
8128
8214
8303
8395
8490
8587
8686
8788
8892
8999
9108
9218
9331
9446
9562
9680
9800
9922
10045
10169
10295
10422
10550
10680
10810
10941
11072
11205
11338
11471
11605
11739
11874
12008
12143
12277
12411
12545
12678
12811
12944
13075
13206
13336
13465
13594
13720
13846
13970
14093
14214
14334
14452
14568
14683
14795
14906
15014
15120
15224
15326
15425
15522
15616
15707
15796
15882
15966
16046
16124
16198
16270
16338
16403
16465
16524
16580
16632
16681
16726
16769
16807
16842
16874
16902
16927
16948
16965
16979
16990
16996
16999
16999
16995
16987
16975
16960
16942
16920
16894
16865
16832
16796
16756
16713
16666
16616
16563
16506
16447
16383
16317
16248
16175
16100
16022
15940
15856
15769
15679
15587
15492
15395
15295
15192
15088
14981
14872
14761
14648
14533
14416
14297
14177
14055
13932
13807
13681
13554
13426
13296
13166
13035
12903
12770
12637
12504
12370
12236
12101
11967
11832
11698
11564
11430
11297
11164
11032
10900
10769
10640
10511
10383
10256
10131
10007
9884
9763
9644
9526
9410
9296
9184
9074
8966
8860
8757
8655
8557
8460
8367
8276
8187
8102
8019
7939
7862
7788
7717
7649
7584
7523
7465
7410
7358
7310
7265
7223
7185
7151
7120
7092
7068
7048
7031
7018
7008
7002
7000
7001
7006
7014
7026
7042
7061
7084
7110
7140
7173
7210
7250
7294
7341
7392
7446
7503
7563
7627
7694
7764
7837
7913
7992
8073
8158
8246
8336
8429
8524
8622
8722
8825
8930
9037
9147
9258
9371
9487
9604
9723
9843
9965
10089
10214
10340
10468
10596
10726
10856
10987
11119
11252
11385
11519
11653
11787
11922
12056
12190
12325
12459
12592
12726
12859
12991
13122
13253
13382
13511
13639
13765
13890
14014
14136
14257
14376
14494
14609
14723
14835
14945
15052
15157
15261
15361
15460
15555
15649
15739
15827
15912
15995
16074
16150
16224
16294
16362
16426
16487
16544
16599
16650
16697
16742
16783
16820
16854
16885
16911
16935
16955
16971
16983
16992
16998
16999
16998
16992
16983
16970
16954
16934
16911
16884
16853
16819
16782
16741
16697
16649
16598
16543
16485
16424
16360
16293
16222
16149
16072
15993
15911
15826
15738
15647
15554
15458
15359
15259
15156
15050
14942
14833
14721
14607
14492
14374
14255
14134
14012
13888
13763
13636
13509
13380
13250
13120
12988
12856
12723
12590
12456
12322
12188
12054
11919
11785
11650
11516
11383
11250
11117
10985
10854
10723
10594
10465
10338
10212
10087
9963
9841
9721
9602
9485
9369
9256
9145
9035
8928
8823
8720
8620
8522
8427
8334
8244
8157
8072
7990
7911
7835
7762
7693
7626
7562
7502
7445
7391
7341
7293
7250
7209
7173
7139
7109
7083
7060
7041
7026
7014
7005
7001
7000
7002
7008
7018
7031
7048
7069
7093
7120
7151
7186
7224
7266
7311
7359
7411
7466
7524
7586
7650
7718
7789
7863
7940
8020
8103
8189
8277
8368
8462
8558
8657
8758
8862
8968
9076
9186
9298
9412
9528
9646
9765
9887
10009
10133
10259
10385
10513
10642
10772
10903
11034
11166
11299
11433
11567
11701
11835
11969
12104
12238
12372
12506
12640
12773
12906
13037
13169
13299
13428
13557
13684
13810
13934
14058
14179
14300
14418
14535
14650
14763
14874
14983
15090
15194
15297
15397
15494
15589
15681
15771
15858
15942
16023
16101
16177
16249
16318
16385
16448
16507
16564
16617
16667
16714
16757
16796
16833
16865
16894
16920
16942
16961
16976
16987
16995
16999
16999
16996
16989
16979
16965
16948
16926
16902
16874
16842
16807
16768
16726
16680
16631
16579
16523
16464
16402
16337
16268
16197
16122
16045
15964
15881
15795
15706
15614
15520
15423
15324
15222
15118
15012
14904
14793
14681
14566
14450
14332
14212
14091
13968
13844
13718
13591
13463
13334
13204
13073
12941
12809
12676
12543
12409
12275
12140
12006
11871
11737
11603
11469
11335
11202
11070
10938
10807
10677
10548
10420
10293
10167
10043
9920
9798
9678
9560
9443
9329
9216
9105
8997
8890
8786
8684
8585
8488
8394
8302
8213
8126
8043
7962
7884
7809
7737
7669
7603
7540
7481
7425
7373
7323
7277
7235
7196
7160
7128
7100
7075
7053
7035
7021
7010
7003
7000
7000
7004
7011
7022
7037
7055
7077
7102
7131
7163
7199
7238
7281
7327
7377
7430
7486
7546
7608
7674
7743
7815
7890
7968
8049
8133
8220
8309
8401
8496
8593
8693
8795
8899
9006
9115
9226
9338
9453
9570
9688
9808
9930
10053
10178
10303
10431
10559
10688
10818
10949
11081
11214
11347
11480
11614
11748
11883
12017
12152
12286
12420
12554
12687
12820
12952
13084
13215
13345
13474
13602
13729
13854
13978
14101
14222
14342
14460
14576
14690
14803
14913
15021
15127
15231
15332
15431
15528
15622
15713
15802
15888
15971
16051
16129
16203
16274
16342
16407
16469
16528
16583
16635
16684
16729
16771
16810
16845
16876
16904
16928
16949
16966
16980
16990
16997
16999
16999
16994
16986
16975
16959
16940
16918
16892
16863
16830
16793
16753
16710
16663
16613
16559
16503
16442
16379
16313
16243
16171
16095
16016
15935
15850
15763
15673
15581
15486
15388
15288
15186
15081
14974
14865
14754
14640
14525
14408
14290
14169
14047
13924
13799
13673
13546
13417
13288
13158
13026
12894
12762
12629
12495
12361
12227
12092
11958
11824
11689
11555
11421
11288
11155
11023
10892
10761
10631
10502
10375
10248
10123
9999
9876
9755
9636
9518
9403
9289
9177
9067
8959
8853
8750
8649
8550
8454
8361
8270
8182
8096
8014
7934
7857
7783
7713
7645
7580
7519
7461
7406
7355
7307
7262
7221
7183
7149
7118
7090
7067
7047
7030
7017
7007
7002
7000
7001
7006
7015
7027
7043
7062
7085
7112
7142
7176
7213
7253
7297
7345
7395
7449
7507
7568
7631
7698
7768
7842
7918
7997
8079
8164
8251
8342
8435
8530
8628
8729
8832
8937
9044
9154
9265
9379
9494
9612
9731
9851
9973
10097
10222
10348
10476
10605
10734
10865
10996
11128
11261
11394
11528
11662
11796
11930
12065
12199
12334
12468
12601
12734
12867
12999
13131
13261
13391
13519
13647
13773
13898
14022
14144
14265
14384
14501
14617
14730
14842
14952
15059
15164
15267
15368
15466
15562
15655
15745
15833
15918
16000
16079
16155
16229
16299
16366
16430
16490
16548
16602
16653
16700
16745
16785
16822
16856
16886
16913
16936
16956
16972
16984
16993
16998
16999
16997
16992
16982
16970
16953
16933
16909
16882
16851
16817
16779
16738
16694
16646
16594
16540
16482
16420
16356
16288
16218
16144
16067
15988
15905
15820
15732
15641
15547
15451
15353
15252
15149
15043
14935
14825
14714
14600
14484
14366
14247
14126
14004
13880
13755
13628
13500
13372
13242
13111
12980
12847
12715
12581
12448
12313
12179
12045
11910
11776
11642
11508
11374
11241
11108
10976
10845
10715
10585
10457
10329
10203
10079
9955
9833
9713
9594
9477
9362
9249
9137
9028
8921
8816
8714
8614
8516
8421
8328
8238
8151
8067
7985
7906
7830
7758
7688
7622
7558
7498
7441
7388
7337
7290
7247
7207
7170
7137
7108
7082
7059
7040
7025
7013
7005
7001
7000
7002
7009
7019
7032
7049
7070
7094
7122
7153
7188
7227
7268
7314
7362
7414
7469
7528
7590
7655
7723
7794
7868
7946
8026
8109
8195
8283
8375
8468
8565
8664
8765
8869
8975
9083
9193
9306
9420
9536
9654
9773
9895
10017
10141
10267
10394
10521
10650
10780
10911
11043
11175
11308
11441
11575
11709
11844
11978
12113
12247
12381
12515
12649
12782
12914
13046
13177
13307
13437
13565
13692
13818
13942
14066
14187
14307
14426
14543
14657
14770
14881
14990
15097
15201
15303
15403
15500
15595
15687
15777
15863
15947
16028
16106
16182
16254
16323
16389
16452
16511
16568
16621
16670
16717
16759
16799
16835
16867
16896
16922
16944
16962
16976
16988
16995
16999
16999
16996
16989
16978
16964
16946
16925
16900
16872
16840
16804
16765
16723
16677
16628
16575
16519
16460
16398
16332
16264
16192
16117
16039
15959
15875
15789
15700
15608
15514
15417
15317
15216
15111
15005
14897
14786
14673
14559
14442
14324
14204
14083
13960
13835
13710
13583
13455
13326
13195
13064
12933
12800
12667
12534
12400
12266
12131
11997
11863
11728
11594
11460
11327
11194
11061
10930
10799
10669
10540
10411
10285
10159
10035
9912
9790
9670
9552
9436
9321
9209
9098
8990
8884
8780
8678
8579
8482
8388
8296
8207
8121
8037
7957
7879
7804
7733
7664
7599
7537
7478
7422
7369
7320
7275
7232
7193
7158
7126
7098
7073
7052
7034
7020
7010
7003
7000
7000
7004
7012
7023
7038
7056
7078
7104
7133
7165
7202
7241
7284
7331
7380
7433
7490
7550
7613
7679
7748
7820
7895
7974
8055
8139
8226
8315
8408
8502
8600
8700
8802
8906
9013
9122
9233
9346
9461
9578
9696
9816
9938
10061
10186
10312
10439
10567
10697
10827
10958
11090
11222
11355
11489
11623
11757
11891
12026
12160
12295
12429
12563
12696
12829
12961
13093
13223
13353
13482
13610
13737
13862
13986
14109
14230
14350
14468
14584
14698
14810
14920
15028
15134
15238
15339
15438
15534
15628
15719
15808
15893
15976
16056
16133
16208
16279
16347
16412
16473
16532
16587
16639
16687
16732
16774
16812
16847
16878
16906
16930
16950
16967
16981
16991
16997
16999
16998
16994
16985
16974
16958
16939
16916
16890
16861
16827
16791
16750
16707
16660
16609
16556
16499
16438
16375
16308
16239
16166
16090
16011
15929
15845
15758
15667
15575
15480
15382
15281
15179
15074
14967
14858
14746
14633
14518
14401
14282
14161
14039
13916
13791
13665
13537
13409
13279
13149
13018
12886
12753
12620
12486
12352
12218
12084
11949
11815
11681
11546
11413
11279
11147
11014
10883
10752
10623
10494
10366
10240
10115
9991
9868
9747
9628
9511
9395
9281
9169
9060
8952
8846
8743
8642
8544
8448
8355
8264
8176
8091
8008
7929
7852
7779
7708
7641
7576
7515
7457
7403
7352
7304
7259
7218
7181
7146
7116
7089
7065
7045
7029
7016
7007
7001
7000
7001
7006
7015
7028
7044
7064
7087
7114
7144
7178
7215
7256
7300
7348
7399
7453
7511
7572
7636
7703
7773
7847
7923
8002
8084
8169
8257
8348
8441
8537
8635
8736
8839
8944
9051
9161
9273
9386
9502
9619
9739
9859
9982
10105
10230
10357
10484
10613
10743
10873
11005
11137
11269
11403
11536
11670
11805
11939
12074
12208
12342
12476
12610
12743
12876
13008
13139
13270
13399
13528
13655
13782
13907
14030
14152
14273
14392
14509
14624
14738
14849
14959
15066
15171
15274
15374
15472
15568
15661
15751
15838
15923
16005
16084
16160
16233
16303
16370
16434
16494
16552
16606
16656
16703
16747
16788
16825
16858
16888
16915
16938
16957
16973
16985
16993
16998
16999
16997
16991
16982
16969
16952
16931
16908
16880
16849
16815
16777
16735
16691
16642
16591
16536
16478
16416
16352
16284
16213
16139
16062
15982
15900
15814
15726
15635
15541
15445
15346
15245
15142
15036
14928
14818
14706
14592
14476
14359
14239
14118
13996
13872
13746
13620
13492
13363
13233
13102
12971
12839
12706
12573
12439
12305
12170
12036
11901
11767
11633
11499
11365
11232
11100
10968
10837
10706
10577
10448
10321
10195
10070
9947
9825
9705
9586
9469
9354
9241
9130
9021
8914
8809
8707
8607
8510
8415
8322
8232
8145
8061
7980
7901
7826
7753
7684
7617
7554
7494
7438
7384
7334
7287
7287
7244
7204
7168
7135
7106
7080
7058
7039
7024
7013
7005
7000
7000
7003
7009
7019
7033
7051
7071
7096
7124
7156
7191
7229
7271
7317
7366
7418
7473
7532
7594
7659
7727
7799
7873
7951
8031
8114
8200
8289
8381
8475
8571
8670
8772
8876
8982
9090
9201
9313
9427
9544
9662
9781
9902
10025
10150
10275
10402
10530
10659
10789
10920
11051
11184
11317
11450
11584
11718
11852
11987
