19000
19232
19464
19695
19926
20155
20384
20611
20836
21059
21279
21498
21713
21926
22135
22341
22543
22741
22936
23125
23311
23491
23667
23837
24002
24162
24316
24464
24606
24742
24872
24995
25111
25221
25324
25420
25509
25591
25666
25733
25793
25845
25890
25927
25956
25978
25992
25999
25998
25989
25972
25948
25916
25877
25830
25775
25713
25644
25567
25483
25392
25294
25189
25077
24958
24833
24702
24564
24420
24270
24114
23953
23786
23614
23437
23255
23068
22877
22682
22482
22279
22072
21862
21648
21432
21213
20991
20768
20542
20315
20086
19856
19625
19393
19161
18929
18697
18465
18234
18004
17774
17546
17320
17096
16873
16653
16436
16221
16009
15801
15596
15395
15198
15005
14817
14633
14454
14280
14111
13948
13790
13637
13491
13351
13217
13089
12968
12854
12746
12645
12551
12464
12385
12312
12247
12190
12140
12097
12062
12035
12016
12004
12000
12003
12014
12033
12060
12094
12136
12185
12242
12306
12378
12457
12543
12636
12736
12843
12957
13078
13205
13338
13478
13624
13776
13933
14096
14264
14438
14617
14800
14988
15181
15377
15578
15782
15990
16202
16416
16633
16853
17075
17300
17526
17754
17983
18213
18444
18676
18908
19140
19372
19604
19835
20065
20294
20521
20747
20971
21193
21412
21629
21842
22053
22260
22464
22664
22860
23051
23238
23421
23598
23771
23938
24100
24256
24407
24551
24689
24821
24947
25066
25179
25285
25383
25475
25560
25637
25707
25770
25825
25873
25913
25946
25971
25988
25997
25999
25993
25980
25959
25930
25893
25849
25798
25738
25672
25598
25517
25429
25333
25231
25122
25006
24883
24754
24619
24477
24330
24176
24017
23853
23683
23507
23327
23142
22953
22759
22561
22359
22154
21945
21733
21517
21299
21079
20856
20631
20404
20176
19947
19716
19485
19253
19021
18788
18556
18325
18094
17865
17636
17409
17184
16961
16740
16521
16305
16092
15883
15677
15474
15275
15081
14891
14705
14524
14348
14177
14011
13851
13697
13548
13405
13269
13139
13015
12898
12787
12684
12587
12498
12415
12340
12272
12212
12159
12113
12075
12045
12022
12007
12000
12001
12009
12025
12048
12079
12118
12165
12219
12280
12349
12425
12508
12598
12696
12800
12912
13030
13154
13285
13422
13566
13715
13870
14031
14197
14369
14546
14727
14914
15104
15299
15498
15701
15908
16118
16331
16547
16766
16988
17211
17436
17664
17892
18122
18353
18585
18817
19049
19281
19513
19744
19974
20204
20432
20658
20883
21106
21326
21544
21759
21970
22179
22384
22585
22783
22976
23165
23349
23529
23703
23873
24037
24195
24348
24495
24636
24770
24898
25020
25135
25244
25345
25440
25527
25607
25680
25746
25804
25855
25898
25934
25962
25982
25995
25999
25997
25986
25968
25942
25909
25867
25819
25763
25699
25628
25550
25464
25372
25272
25166
25052
24932
24806
24673
24534
24389
24237
24081
23918
23750
23577
23399
23216
23028
22836
22640
22439
22235
22028
21817
21603
21386
21166
20944
20720
20494
20266
20037
19807
19576
19344
19112
18880
18648
18416
18185
17955
17726
17498
17272
17048
16826
16607
16390
16176
15965
15757
15553
15353
15157
14965
14778
14595
14417
14244
14076
13914
13757
13606
13461
13322
13189
13063
12943
12830
12724
12624
12532
12447
12369
12298
12235
12179
12130
12089
12056
12030
12012
12002
12000
12005
12018
12038
12066
12102
12145
12196
12255
12321
12394
12474
12562
12657
12758
12867
12982
13104
13233
13368
13509
13656
13808
13967
14131
14301
14475
14655
14840
15029
15222
15420
15621
15826
16035
16247
16462
16680
16900
17123
17347
17574
17802
18031
18262
18493
18725
18957
19189
19421
19653
19884
20114
20342
20569
20795
21018
21239
21458
21674
21887
22097
22304
22507
22706
22901
23091
23277
23459
23635
23807
23973
24133
24288
24438
24581
24718
24849
24973
25091
25202
25306
25403
25494
25577
25653
25721
25782
25836
25882
25921
25952
25975
25990
25998
25999
25991
25976
25953
25923
25885
25839
25786
25725
25657
25581
25499
25409
25312
25208
25098
24980
24856
24726
24589
24447
24298
24143
23983
23817
23646
23470
23288
23103
22912
22718
22519
22316
22110
21900
21687
21471
21253
21032
20808
20583
20356
20128
19898
19667
19436
19204
18971
18739
18507
18276
18045
17816
17588
17361
17136
16913
16693
16475
16260
16048
15839
15633
15432
15234
15040
14851
14666
14486
14311
14141
13977
13818
13665
13517
13376
13241
13112
12990
12874
12765
12663
12568
12479
12399
12325
12259
12200
12148
12104
12068
12040
12019
12005
12000
12002
12012
12029
12054
12087
12127
12175
12231
12294
12364
12442
12527
12619
12718
12823
12936
13056
13181
13314
13452
13597
13748
13904
14066
14233
14406
14584
14766
14954
15145
15341
15541
15745
15952
16163
16377
16594
16813
17035
17259
17485
17712
17941
18171
18402
18634
18866
19098
19330
19562
19793
20023
20252
20480
20706
20930
21153
21372
21589
21804
22015
22223
22427
22628
22824
23017
23205
23388
23566
23740
23908
24071
24228
24380
24525
24665
24798
24925
25045
25159
25266
25366
25459
25545
25624
25695
25759
25816
25865
25906
25940
25967
25985
25996
25999
25995
25983
25963
25936
25900
25858
25808
25750
25685
25612
25532
25445
25351
25250
25142
25027
24906
24778
24644
24504
24357
24205
24047
23883
23714
23540
23360
23176
22988
22795
22598
22396
22192
21983
21771
21557
21339
21119
20897
20672
20446
20218
19988
19758
19527
19295
19063
18831
18599
18367
18136
17906
17677
17450
17225
17001
16780
16561
16344
16131
15921
15714
15511
15311
15116
14925
14738
14557
14380
14208
14041
13880
13724
13575
13431
13293
13162
13037
12919
12807
12702
12604
12513
12430
12353
12284
12222
12168
12121
12082
12050
12026
12010
12001
12000
12007
12021
12043
12073
12111
12156
12208
12268
12336
12410
12492
12582
12678
12781
12891
13008
13131
13261
13397
13539
13688
13842
14001
14167
14337
14513
14694
14879
15069
15264
15462
15664
15870
16080
16292
16508
16726
16947
17170
17395
17622
17851
18080
18311
18542
18774
19007
19239
19471
19702
19933
20162
20391
20617
20842
21065
21286
21504
21720
21932
22141
22347
22549
22747
22941
23131
23316
23497
23672
23842
24007
24167
24321
24469
24610
24746
24876
24999
25115
25225
25327
25423
25512
25593
25668
25735
25794
25846
25891
25928
25957
25979
25993
25999
25998
25989
25972
25947
25915
25876
25828
25773
25711
25642
25565
25480
25389
25291
25185
25073
24955
24829
24698
24560
24415
24265
24110
23948
23781
23609
23432
23249
23063
22871
22676
22476
22273
22066
21855
21642
21425
21206
20985
20761
20535
20308
20079
19849
19618
19386
19154
18922
18690
18458
18227
17997
17767
17540
17313
17089
16867
16647
16429
16215
16003
15795
15590
15389
15192
15000
14811
14628
14449
14275
14106
13943
13785
13633
13487
13347
13213
13085
12964
12850
12743
12642
12548
12462
12382
12310
12246
12188
12138
12096
12062
12034
12015
12003
12000
12003
12015
12034
12061
12095
12137
12187
12244
12308
12380
12459
12546
12639
12739
12847
12961
13082
13209
13343
13482
13628
13780
13938
14101
14270
14443
14622
14806
14994
15187
15383
15584
15789
15997
16208
16423
16640
16860
17082
17306
17533
17760
17990
18220
18451
18683
18915
19147
19379
19611
19842
20072
20301
20528
20754
20978
21199
21419
21635
21849
22059
22266
22470
22670
22865
23057
23244
23426
23604
23776
23943
24105
24261
24411
24555
24693
24825
24951
25070
25182
25288
25386
25478
25562
25639
25709
25772
25827
25874
25914
25946
25971
25988
25998
25999
25993
25979
25958
25929
25892
25848
25796
25737
25670
25596
25514
25426
25330
25228
25118
25002
24879
24750
24615
24473
24325
24172
24012
23847
23677
23502
23322
23137
22947
22753
22555
22353
22148
21939
21726
21511
21293
21072
20849
20624
20397
20169
19940
19709
19478
19246
19014
18781
18549
18318
18087
17858
17629
17402
17177
16954
16733
16514
16299
16086
15877
15670
15468
15270
15075
14885
14699
14519
14343
14172
14006
13846
13692
13544
13401
13265
13135
13011
12894
12784
12681
12584
12495
12413
12338
12270
12210
12157
12112
12074
12044
12022
12007
12000
12001
12009
12025
12049
12081
12120
12166
12220
12282
12351
12427
12511
12601
12699
12804
12915
13033
13158
13289
13427
13570
13720
13875
14036
14203
14374
14551
14733
14919
15110
15305
15505
15708
15914
16125
16338
16554
16773
16994
17218
17443
17671
17899
18129
18360
18592
18824
19056
19288
19520
19751
19981
20211
20439
20665
20890
21112
21333
21550
21765
21977
22185
22390
22592
22789
22982
23171
23355
23534
23709
23878
24042
24200
24353
24499
24640
24774
24902
25024
25139
25247
25348
25442
25530
25610
25683
25748
25806
25856
25899
25935
25962
25982
25995
25999
25996
25986
25967
25941
25907
25866
25817
25761
25697
25626
25547
25462
25369
25269
25162
25049
24929
24802
24669
24530
24384
24233
24076
23913
23745
23572
23393
23210
23022
22830
22634
22433
22229
22021
21810
21596
21379
21159
20937
20713
20487
20259
20030
19800
19569
19337
19105
18873
18641
18409
18178
17948
17719
17491
17265
17041
16820
16600
16383
16169
15959
15751
15547
15347
15151
14959
14772
14589
14411
14239
14071
13909
13752
13601
13457
13318
13185
13059
12940
12827
12721
12621
12529
12444
12366
12296
12233
12177
12129
12088
12055
12030
12012
12002
12000
12005
12018
12039
12067
12103
12147
12198
12257
12323
12396
12477
12565
12660
12762
12870
12986
13108
13237
13372
13513
13660
13813
13972
14136
14306
14481
14661
14845
15034
15228
15426
15627
15833
16041
16253
16468
16686
16907
17129
17354
17581
17809
18038
18269
18500
18732
18964
19197
19428
19660
19891
20121
20349
20576
20802
21025
21246
21465
21681
21894
22104
22310
22513
22712
22906
23097
23283
23464
23641
23812
23978
24138
24293
24442
24585
24722
24853
24977
25094
25205
25309
25406
25496
25579
25655
25723
25784
25837
25883
25922
25952
25975
25991
25999
25999
25991
25975
25952
25922
25883
25837
25784
25723
25655
25579
25496
25406
25309
25205
25094
24977
24853
24722
24585
24442
24293
24138
23978
23812
23641
23464
23283
23097
22906
22712
22513
22310
22104
21894
21681
21465
21246
21025
20802
20576
20349
20121
19891
19660
19428
19197
18964
18732
18500
18269
18038
17809
17581
17354
17129
16907
16686
16468
16253
16041
15833
15627
15426
15228
15034
14845
14661
14481
14306
14136
13972
13813
13660
13513
13372
13237
13108
12986
12870
12762
12660
12565
12477
12396
12323
12257
12198
12147
12103
12067
12039
12018
12005
12000
12002
12012
12030
12055
12088
12129
12177
12233
12296
12366
12444
12529
12621
12721
12827
12940
13059
13185
13318
13457
13601
13752
13909
14071
14239
14411
14589
14772
14959
15151
15347
15547
15751
15959
16169
16383
16600
16820
17041
17265
17491
17719
17948
18178
18409
18641
18873
19105
19337
19569
19800
20030
20259
20487
20713
20937
21159
21379
21596
21810
22021
22229
22433
22634
22830
23022
23210
23393
23572
23745
23913
24076
24233
24384
24530
24669
24802
24929
25049
25162
25269
25369
25462
25547
25626
25697
25761
25817
25866
25907
25941
25967
25986
25996
25999
25995
25982
25962
25935
25899
25856
25806
25748
25683
25610
25530
25442
25348
25247
25139
25024
24902
24774
24640
24499
24353
24200
24042
23878
23709
23534
23355
23171
22982
22789
22592
22390
22185
21977
21765
21550
21333
21112
20890
20665
20439
20211
19981
19751
19520
19288
19056
18824
18592
18360
18129
17899
17671
17443
17218
16994
16773
16554
16338
16125
15914
15708
15505
15305
15110
14919
14733
14551
14374
14203
14036
13875
13720
13570
13427
13289
13158
13033
12915
12804
12699
12601
12511
12427
12351
12282
12220
12166
12120
12081
12049
12025
12009
12001
12000
12007
12022
12044
12074
12112
12157
12210
12270
12338
12413
12495
12584
12681
12784
12894
13011
13135
13265
13401
13544
13692
13846
14006
14172
14343
14519
14699
14885
15075
15270
15468
15670
15877
16086
16299
16514
16733
16954
17177
17402
17629
17858
18087
18318
18549
18781
19014
19246
19478
19709
19940
20169
20397
20624
20849
21072
21293
21511
21726
21939
22148
22353
22555
22753
22947
23137
23322
23502
23677
23847
24012
24172
24325
24473
24615
24750
24879
25002
25118
25228
25330
25426
25514
25596
25670
25737
25796
25848
25892
25929
25958
25979
25993
25999
25998
25988
25971
25946
25914
25874
25827
25772
25709
25639
25562
25478
25386
25288
25182
25070
24951
24825
24693
24555
24411
24261
24105
23943
23776
23604
23426
23244
23057
22865
22670
22470
22266
22059
21849
21635
21419
21199
20978
20754
20528
20301
20072
19842
19611
19379
19147
18915
18683
18451
18220
17990
17760
17533
17306
17082
16860
16640
16423
16208
15997
15789
15584
15383
15187
14994
14806
14622
14443
14270
14101
13938
13780
13628
13482
13343
13209
13082
12961
12847
12739
12639
12546
12459
12380
12308
12244
12187
12137
12095
12061
12034
12015
12003
12000
12003
12015
12034
12062
12096
12138
12188
12246
12310
12382
12462
12548
12642
12743
12850
12964
13085
13213
13347
13487
13633
13785
13943
14106
14275
14449
14628
14811
15000
15192
15389
15590
15795
16003
16215
16429
16647
16867
17089
17313
17540
17767
17997
18227
18458
18690
18922
19154
19386
19618
19849
20079
20308
20535
20761
20985
21206
21425
21642
21855
22066
22273
22476
22676
22871
23063
23249
23432
23609
23781
23948
24110
24265
24415
24560
24698
24829
24955
25073
25185
25291
25389
25480
25565
25642
25711
25773
25828
25876
25915
25947
25972
25989
25998
25999
25993
25979
25957
25928
25891
25846
25794
25735
25668
25593
25512
25423
25327
25225
25115
24999
24876
24746
24610
24469
24321
24167
24007
23842
23672
23497
23316
23131
22941
22747
22549
22347
22141
21932
21720
21504
21286
21065
20842
20617
20391
20162
19933
19702
19471
19239
19007
18774
18542
18311
18080
17851
17622
17395
17170
16947
16726
16508
16292
16080
15870
15664
15462
15264
15069
14879
14694
14513
14337
14167
14001
13842
13688
13539
13397
13261
13131
13008
12891
12781
12678
12582
12492
12410
12336
12268
12208
12156
12111
12073
12043
12021
12007
12000
12001
12010
12026
12050
12082
12121
12168
12222
12284
12353
12430
12513
12604
12702
12807
12919
13037
13162
13293
13431
13575
13724
13880
14041
14208
14380
14557
14738
14925
15116
15311
15511
15714
15921
16131
16344
16561
16780
17001
17225
17450
17677
17906
18136
18367
18599
18831
19063
19295
19527
19758
19988
20218
20446
20672
20897
21119
21339
21557
21771
21983
22192
22396
22598
22795
22988
23176
23360
23540
23714
23883
24047
24205
24357
24504
24644
24778
24906
25027
25142
25250
25351
25445
25532
25612
25685
25750
25808
25858
25900
25936
25963
25983
25995
25999
25996
25985
25967
25940
25906
25865
25816
25759
25695
25624
25545
25459
25366
25266
25159
25045
24925
24798
24665
24525
24380
24228
24071
23908
23740
23566
23388
23205
23017
22824
22628
22427
22223
22015
21804
21589
21372
21153
20930
20706
20480
20252
20023
19793
19562
19330
19098
18866
18634
18402
18171
17941
17712
17485
17259
17035
16813
16594
16377
16163
15952
15745
15541
15341
15145
14954
14766
14584
14406
14233
14066
13904
13748
13597
13452
13314
13181
13056
12936
12823
12718
12619
12527
12442
12364
12294
12231
12175
12127
12087
12054
12029
12012
12002
12000
12005
12019
12040
12068
12104
12148
12200
12259
12325
12399
12479
12568
12663
12765
12874
12990
13112
13241
13376
13517
13665
13818
13977
14141
14311
14486
14666
14851
15040
15234
15432
15633
15839
16048
16260
16475
16693
16913
17136
17361
17588
17816
18045
18276
18507
18739
18971
19204
19436
19667
19898
20128
20356
20583
20808
21032
21253
21471
21687
21900
22110
22316
22519
22718
22912
23103
23288
23470
23646
23817
23983
24143
24298
24447
24589
24726
24856
24980
25098
25208
25312
25409
25499
25581
25581
25657
25725
25786
25839
25885
25923
25953
25976
25991
25999
25998
25990
25975
25952
25921
25882
25836
25782
25721
25653
25577
25494
25403
25306
25202
25091
24973
24849
24718
24581
24438
24288
24133
23973
23807
23635
23459
23277
23091
22901
22706
22507
22304
22097
21887
21674
21458
21239
21018
20795
20569
20342
20114
19884
19653
19421
19189
18957
18725
18493
18262
18031
17802
17574
17347
17123
16900
16680
16462
16247
16035
15826
15621
15420
15222
15029
14840
14655
14475
14301
14131
13967
13808
13656
13509
13368
13233
13104
12982
12867
12758
12657
12562
12474
12394
12321
12255
12196
12145
12102
12066
12038
12018
12005
12000
12002
12012
12030
12056
12089
12130
12179
12235
12298
12369
12447
12532
12624
12724
12830
12943
13063
13189
13322
13461
13606
13757
13914
14076
14244
14417
14595
14778
14965
15157
15353
15553
15757
15965
16176
16390
16607
16826
17048
17272
17498
17726
17955
18185
18416
18648
18880
